9.14619e-05, 0.000494438, 0.00152298, 0.00267291, 0.00267291, 0.00152298, 0.000494438, 9.14619e-05, ;
0.000494438, 0.00267291, 0.00823314, 0.0144496, 0.0144496, 0.00823314, 0.00267291, 0.000494438, ;
0.00152298, 0.00823314, 0.0253598, 0.0445079, 0.0445079, 0.0253598, 0.00823314, 0.00152298, ;
0.00267291, 0.0144496, 0.0445079, 0.0781138, 0.0781138, 0.0445079, 0.0144496, 0.00267291, ;
0.00267291, 0.0144496, 0.0445079, 0.0781138, 0.0781138, 0.0445079, 0.0144496, 0.00267291, ;
0.00152298, 0.00823314, 0.0253598, 0.0445079, 0.0445079, 0.0253598, 0.00823314, 0.00152298, ;
0.000494438, 0.00267291, 0.00823314, 0.0144496, 0.0144496, 0.00823314, 0.00267291, 0.000494438, ;
9.14619e-05, 0.000494438, 0.00152298, 0.00267291, 0.00267291, 0.00152298, 0.000494438, 9.14619e-05, ;
